gamma_1=1.350000
gamma_2=1.350000
gamma_3=1.350000
gamma_4=1.350000
gamma_5o=1.350000
gamma_5u=1.350000
gamma_6=1.450000
gamma_7=0.000000
gamma_8=1.350000
gamma_9=0.000000
gamma_10=0.000000
LK=1.000000
delta_1=0.000000
delta_2=-5060.000000
delta_3=0.000000
delta_4=-5060.000000
delta_5=-1000000.000000
delta_6=-1000000.000000
delta_7=-1000000.000000
delta_8=-1000000.000000
delta_9=-1000000.000000
kRiss_P=0.2
fsy_P=150
fsu_P=160
fcd_P=50
tau_cd_P=200
D_max_P=32.000000
